#Class depth1 frac1 depth2 frac2 depth3 frac3
0 0.10 0.25 0.25 0.70 0.05 0.05
1 0.10 0.05 1.00 0.45 5.00 0.50
2 0.10 0.05 1.00 0.45 5.00 0.50
3 0.10 0.05 1.00 0.45 5.00 0.50
4 0.10 0.05 1.00 0.45 5.00 0.50
5 0.10 0.05 1.00 0.70 0.50 0.25
6 0.10 0.05 1.00 0.70 0.50 0.25
7 0.10 0.05 1.00 0.70 0.50 0.25
8 0.10 0.05 1.00 0.70 1.00 0.25
9 0.10 0.05 1.00 0.70 1.00 0.25
10 0.10 0.05 1.00 0.75 0.50 0.20
11 0.10 0.05 1.00 0.75 0.50 0.20
12 0.10 0.25 0.25 0.70 0.05 0.05
13 0.10 0.25 0.25 0.70 0.05 0.05
14 0.10 0.25 0.25 0.70 0.05 0.05
15 0.10 0.25 0.25 0.70 0.05 0.05
16 0.10 0.25 0.25 0.70 0.05 0.05
